
power = 2689.164219097
throughput = 11552.62
composite = 5573.768235298
